
***********************
-0(America,Calipapi,0,0,1,210,0
+Jugador(1,1,1,1,150,0,0,0,5 
+Jugador(2,2,22,22,0,0,0,10,0 
+Jugador(3,3,3,3,0,0,0,0,0 
+Jugador(4,4,4,4,50,0,0,0,0 
+Jugador(5,5,5,5,0,0,30,0,0 
+Jugador(6,6,6,6,0,0,0,0,0 
+Jugador(7,7,7,7,0,0,0,0,0 
+Jugador(8,8,8,8,0,0,20,0,0 
+Jugador(9,9,9,9,0,20,0,0,0 
+Jugador(1,1,1,1,0,0,40,0,0 
+Jugador(4,4,4,4,0,0,0,30,0 
+Jugador(5,5,5,5,10,0,0,0,10
Personal(mauricio,mucha,profe
***********************
***********************
-1(America,Calipapi,0,0,2,460,0
+Jugador(1,1,1,1,350,0,0,0,5
+Jugador(2,2,22,22,0,0,0,10,0
+Jugador(3,3,3,3,0,0,0,0,0
+Jugador(4,4,4,4,50,230,0,0,0
+Jugador(5,5,5,5,0,0,50,0,0
+Jugador(6,6,6,6,20,0,0,0,0
+Jugador(7,7,7,7,0,0,0,0,0
+Jugador(8,8,8,8,30,0,20,0,0
+Jugador(9,9,9,9,0,20,0,0,0
+Jugador(1,1,1,1,0,0,40,0,0
+Jugador(4,4,4,4,0,0,0,30,0
+Jugador(5,5,5,5,10,0,0,0,10
Personal(tascon,nuevo,profesor
***********************